206
4480
4513
4815
5168
6418
10143
11681
11974
13307
13320
14040
15859
20193
24149
24255
26790
28657
30876
32410
34587
36540
41940
43741
45442
45596
46420
51187
51579
52409
52930
53934
54580
57736
57870
57934
58950
60366
60398
63159
63571
64827
64974
65472
76254
76315
78740
79573
79697
80421
82308
84338
85450
88400
91220
91982
92829
95181
95497
95751
95820
99888
100341
100997
101277
103846
105178
105233
106899
108395
109912
111926
112557
113126
113277
113448
115606
120639
123991
126004
126539
126831
127589
127877
140040
140258
140336
141220
143306
145204
145720
145769
146067
150134
150198
150338
150826
154084
155535
156566
156850
157758
158427
159072
163415
166075
166383
168026
171092
171381
172502
172750
173871
176735
177075
177085
178742
181490
181541
191342
193281
194010
197239
197963
198841
200570
200772
204785
206689
207403
209368
211614
213578
217010
218905
219799
224770
225182
225237
225865
226743
228695
230290
230788
231426
235721
237014
237182
237367
239232
240766
241415
242689
246868
248375
252656
253028
254083
259602
261471
261670
263394
263692
263990
264164
264686
266560
266779
267595
268072
268501
271236
273682
275515
276785
279152
282987
286372
286881
287612
289238
289703
292066
293214
298277
299728
306458
309491
309634
310411
311517
312829
314989
322011
322280
322899
323047
325331
326769
330408
334813
335259
339691
340421
341680
344881
346394
348243
348638
351872
353465
353899
354010
354030
356645
357453
360558
360773
360962
363282
366085
367123
367282
367409
368949
370081
370383
370646
374671
376247
376301
378756
381496
382567
382848
382938
384107
384419
384704
385841
385857
386475
387887
388942
391078
392871
395435
396471
398395
398436
398471
403057
406545
407198
411788
413543
418820
419135
419183
421752
428698
432444
439182
440070
440891
443974
444554
447308
447716
447748
450258
454540
455401
461106
464203
464546
466035
468490
469603
469993
470511
473447
475507
475891
476405
477348
477839
478443
479730
483046
485428
485904
486565
491860
493849
495039
496398
499656
502914
502981
503048
503785
505076
506781
508608
516502
518893
519110
524187
525583
526366
527984
528247
528814
530132
531117
533469
536220
537806
537898
539312
542841
545400
545836
550655
553362
553713
558611
558727
560514
560878
561465
561639
561649
567842
568803
568836
570717
572620
573012
575737
575813
581135
581421
585711
586219
587198
587280
589041
589129
589473
589559
591123
598694
599953
600216
600232
602838
603540
603894
604508
606742
606893
607470
608001
612985
615537
617826
618542
619517
620409
621029
622427
622796
625382
626863
627053
628390
629050
629275
630387
634364
635327
643398
644997
647639
649943
650201
652164
655284
656685
657744
660886
661291
663991
664052
664290
673405
676392
676814
678832
679389
680470
684057
687922
695134
695458
699412
700299
700391
703333
707076
707389
707897
709786
712809
716616
717073
717850
718115
719782
721069
726200
727043
729223
731528
731839
733881
734542
735172
735223
735233
735746
736378
737887
738018
743133
747780
748728
751746
754202
756569
757970
760902
761962
763101
767303
767591
769722
769725
773707
776140
779038
779882
780614
780767
782322
782736
783058
784256
784372
787830
789062
790042
795031
796037
799923
801058
804800
806413
806723
808251
813106
815461
817375
820169
821530
828829
829756
831428
832126
832621
832776
833846
834247
837961
838144
838487
839272
839286
840984
842055
848085
848291
848396
849391
851813
852500
853032
854808
855954
856633
858804
860338
864922
866997
868839
868941
869369
870273
870443
872033
875785
878241
879922
880436
881530
883236
885386
888042
889211
891408
893016
893719
897689
898885
899605
899788
901129
903397
904477
904648
907904
909558
910323
910517
910641
912113
916417
918400
919601
920479
921285
922949
925673
926325
928565
930402
932293
935902
936173
937992
938262
938917
941542
941734
942100
942778
946012
946985
947689
947901
951583
951847
951943
952391
954213
954687
955152
955407
956072
956419
957991
959393
961600
962137
962179
962924
962975
964368
966525
966700
967367
969712
971093
976268
977841
979310
979933
979983
980254
980946
981935
984528
987152
988444
988660
989828
994541
995347
998375
1000670
1000921
1002404
1004005
1005567
1008805
1010254
1011967
1012818
1013354
1014591
1016790
1018818
1019405
1019823
1020489
1020903
1023863
1025795
1026458
1029938
1031709
1032017
1032150
1033857
1034220
1035287
1036573
1036878
1037205
1037399
1037701
1041457
1044669
1044682
1045259
1045585
1046560
1052418
1055714
1057885
1058778
1061200
1061378
1063728
1064266
1065796
1066986
1068063
1068712
1068911
1073446
1075432
1076149
1077059
1077916
1080234
1084338
1085987
1086201
1086691
1092440
1092954
1098200
1101106
1101658
1101960
1102976
1104828
1106138
1106875
1110663
1110800
1111194
1115363
1116637
1118772
1121753
1122799
1124281
1124475
1135001
1138486
1143469
1143779
1145652
1146187
1147954
1147984
1151946
1154584
1155418
1155730
1158851
1159898
1161338
1161901
1164155
1166341
1167707
1167856
1170714
1172807
1176008
1176141
1178371
1182078
1183818
1185454
1192879
1193590
1197652
1202596
1205182
1205528
1206228
1206613
1207941
1210273
1211514
1212548
1212952
1217573
1218448
1220592
1220639
1222505
1225486
1226506
1234934
1237406
1237843
1238265
1238816
1238985
1239782
1240162
1244248
1245777
1246927
1248247
1248285
1248473
1249167
1249547
1249681
1250748
1252347
1253781
1255026
1256034
1256548
1257550
1261379
1261893
1262219
1264394
1265336
1265410
1266010
1268537
1270102
1271691
1272146
1273837
1274994
1277659
1279470
1285576
1288018
1291692
1295844
1296886
1299809
1301517
1304594
1307425
1307729
1308255
1313615
1315159
1315740
1318199
1319372
1320018
1320710
1322052
1323911
1324790
1325471
1326596
1326853
1326960
1329203
1331516
1335374
1336222
1339725
1340511
1340902
1341831
1341998
1346060
1346627
1349615
1352008
1353322
1358320
1359354
1359748
1360232
1360534
1361099
1362670
1365075
1365373
1369528
1369679
1370146
1370255
1370746
1372786
1374631
1375542
1379725
1382158
1382573
1383256
1383366
1387473
1387961
1389119
1390845
1393765
1395649
1396902
1398515
1400009
1400649
1401729
1405391
1406094
1406576
1408456
1410805
1418084
1423339
1433544
1434074
1434276
1436008
1437517
1437652
1437791
1439151
1442777
1443324
1445820
1447392
1449033
1452544
1454591
1454686
1457579
1462879
1463108
1466714
1467121
1468075
1469805
1470901
1472500
1473631
1473780
1474940
1475948
1476023
1481289
1483776
1487315
1488338
1489466
1492623
1493662
1497562
1498372
1500076
1507071
1511768
1512371
1514615
1518014
1521154
1524330
1524707
1525130
1525499
1528940
1529567
1532896
1533473
1541320
1541601
1542735
1544268
1544918
1546995
1551907
1552864
1553079
1555763
1556135
1557175
1557861
1559021
1559181
1561841
1574887
1577019
1577578
1578588
1585126
1586528
1587664
1589226
1589702
1590559
1592262
1596065
1596312
1596872
1596926
1599490
1603496
1604063
1604837
1609011
1611041
1613240
1613379
1614402
1616123
1620654
1624173
1626767
1635474
1636399
1636915
1638661
1640167
1644496
1644640
1644836
1645971
1651012
1651414
1651717
1653068
1653868
1653984
1655492
1656730
1656783
1659262
1659496
1659820
1661186
1661400
1661504
1662032
1663232
1665478
1667145
1667524
1669321
1670021
1671489
1672747
1673620
1673934
1674991
1675299
1677292
1679352
1681482
1687561
1688699
1694153
1694208
1695061
1695885
1698637
1701128
1704675
1705141
1705575
1706512
1708625
1719517
1721857
1723640
1724094
1725812
1727620
1730862
1730923
1734046
1735610
1737478
1740466
1741615
1747410
1748618
1751693
1751958
1757415
1757849
1759924
1766524
1771895
1775316
1775653
1778372
1784688
1787497
1790584
1799489
1804957
1805246
1810103
1810971
1813158
1814596
1815287
1815447
1817519
1822421
1822538
1824470
1825151
1826930
1828544
1828860
1835153
1835158
1835272
1837261
1838012
1842259
1842891
1847545
1848919
1850921
1852310
1858132
1859099
1859436
1860405
1861362
1863325
1869359
1869949
1875671
1876836
1877109
1877311
1879990
1880861
1883139
1888223
1890017
1893285
1896196
1900215
1901007
1904140
1912880
1917645
1917672
1917817
1918007
1918170
1918578
1920155
1920344
1921479
1921576
1923723
1924132
1924331
1926824
1927805
1930028
1930340
1931442
1931914
1935710
1935775
1935895
1939815
1940341
1941571
1942110
1942222
1942618
1942771
1943644
1943648
1944855
1946174
1948066
1950755
1952889
1953040
1955825
1955852
1956431
1957088
1958661
1959321
1960442
1960957
1960960
1961139
1961882
1962482
1962943
1963286
1963646
1965173
1974084
1976262
1977580
1978078
1980983
1981340
1985559
1987552
1989422
1991604
1991871
1992489
1994996
2001167
2005661
2007555
2007777
2012940
2013414
2013699
2013969
2014216
2014615
2014793
2015795
2016246
2019399
2019770
2022641
2022870
2025063
2025160
2025777
2027474
2027680
2028459
2028527
2029318
2032631
2033365
2033698
2033845
2035092
2035718
2038331
2041756
2043391
2047886
2047968
2049084
2051830
2051871
2055494
2055923
2056640
2056900
2059107
2060816
2064005
2064827
2065049
2070238
2072151
2072525
2072985
2075009
2076392
2078302
2078406
2079452
2080326
2082045
2083733
2084985
2085071
2087246
2088357
2089324
2092604
2095783
2097697
2098384
2099261
2100230
2101797
2105155
2105426
2106534
2106754
2107059
2110898
2113787
2118932
2119882
2122400
2124287
2124420
2125740
2125964
2126296
2134398
2137209
2138900
2139295
2140462
2144393
2145448
2146093
2151161
2152785
2154164
2154379
2154841
2154874
2159918
2162107
2162657
2162780
2167200
2168342
2168350
2168593
2171210
2173012
2173211
2173903
2176468
2178552
2179746
2179895
2180984
2181557
2184091
2187645
2191052
2193078
2196029
2198241
2198441
2201058
2202725
2203284
2204351
2207360
2209661
2209794
2211832
2213462
2214163
2217818
2219380
2223068
2224070
2224291
2227441
2227722
2229331
2230908
2231125
2231378
2231543
2232106
2233636
2234140
2234601
2235064
2235446
2235621
2238771
2240146
2242151
2242512
2243834
2245330
2250950
2252380
2252678
2254437
2255636
2256081
2256976
2257696
2258633
2260606
2263613
2264080
2268313
2269370
2271133
2271235
2271816
2281318
2285174
2288999
2289715
2290066
2292108
2295503
2296700
2300550
2304342
2306150
2306594
2307211
2308359
2308926
2313255
2317120
2322174
2322218
2322424
2324221
2326473
2330586
2330940
2331697
2331911
2332351
2335288
2335367
2338307
2340237
2341484
2342187
2342716
2357767
2358234
2360340
2361438
2365173
2365598
2371032
2375499
2377170
2379767
2381752
2383501
2383735
2385721
2386112
2386998
2389888
2391302
2392785
2395590
2396129
2396408
2397269
2403710
2403866
2404687
2407165
2407380
2409268
2410681
2412064
2412502
2413141
2417235
2418539
2418873
2425853
2426626
2428410
2431332
2433798
2434806
2434814
2435500
2438878
2439190
2439513
2441226
2441246
2444659
2446888
2448525
2449385
2449592
2451070
2452261
2452716
2452751
2454093
2457518
2459823
2461920
2462129
2462277
2462404
2463210
2469234
2470307
2475973
2477045
2477048
2477837
2479257
2479583
2484429
2485175
2485891
2486659
2487652
2488034
2493648
2494533
2495218
2496159
2497657
2498725
2498950
2499205
2499623
2500526
2501410
2504570
2505208
2507795
2508628
2511010
2512889
2515489
2516288
2517783
2521711
2521829
2522018
2526297
2530016
2537988
2538002
2538146
2538229
2542568
2543446
2545014
2547124
2551985
2559401
2562775
2564309
2566674
2566914
2567744
2569142
2569554
2572549
2573555
2573702
2574464
2575850
2579365
2581256
2581290
2581513
2582747
2582768
2584020
2586501
2587286
2589278
2589728
2590342
2590345
2590867
2593190
2600655
2602095
2607254
2608472
2609313
2609621
2611138
2612191
2613134
2613744
2614982
2615127
2617220
2619277
2620194
2622139
2627953
2628828
2628966
2629772
2629909
2630183
2632957
2633102
2634569
2643867
2644175
2646199
2648937
2650157
2652260
2653121
2655084
2657148
2659253
2659625
2659712
2660426
2660651
2661647
2662061
2662285
2662754
2665111
2668040
2672144
2673138
2674792
2676510
2676878
2677265
2677628
2680805
2680960
2681525
2681927
2684723
2688716
2689566
2689618
2690244
2691603
2691680
2692294
2692306
2692810
2694818
2695256
2695813
2697512
2698955
2701266
2702215
2703837
2704439
2707585
2708906
2709051
2709437
2714282
2714996
2717026
2717369
2718680
2719996
2720865
2721035
2723883
2726995
2729554
2729774
2733704
2734205
2736113
2737002
2738812
2739577
2740142
2743175
2744716
2747717
2750969
2752362
2752413
2755665
2756008
2756177
2756338
2758194
2758294
2762719
2767203
2767864
2769059
2769664
2772007
2772619
2773658
2776447
2777658
2780629
2780745
2783691
2786274
2787153
2787836
2788954
2792812
2795385
2795435
2797459
2800799
2801890
2802388
2802623
2804010
2805626
2806421
2806430
2808678
2813082
2813584
2822719
2823711
2823731
2825404
2826598
2828691
2836029
2837343
2837793
2837920
2839678
2840203
2845293
2846912
2851588
2857886
2858123
2859131
2865550
2871948
2873047
2873207
2875769
2877468
2879649
2879979
2880689
2880892
2885069
2885780
2885896
2892352
2895457
2895531
2899369
2902217
2903363
2904136
2904513
2906190
2907871
2907943
2909253
2912231
2914796
2914958
2915010
2915569
2915724
2918008
2924308
2924679
2924788
2930391
2932058
2932099
2934078
2935084
2937493
2939414
2939553
2942555
2943326
2944796
2948034
2949886
2950068
2950455
2951165
2951217
2951412
2952153
2952284
2953460
2955427
2957226
2957886
2959660
2959838
2964142
2964744
2965181
2968777
2969917
2972743
2974975
2976805
2978965
2982605
2990667
2991369
2991758
2995294
2997867
2999219
2999852
3000488
3001581
3001963
3002834
3006157
3008720
3009191
3011873
3011910
3012973
3013306
3015341
3015890
3015937
3016133
3018656
3021321
3024208
3029950
3030399
3031428
3031687
3033984
3034653
3035430
3036550
3036870
3037929
3039257
3039774
3039816
3041848
3042903
3043462
3045822
3046832
3048034
3048303
3049082
3049833
3051335
3051881
3053895
3054347
3055051
3056488
3060278
3062954
3065719
3069472
3072367
3074850
3077855
3079122
3081174
3082068
3083094
3083259
3083873
3086413
3087148
3087766
3087867
3088115
3088606
3089979
3094139
3094390
3095073
3095320
3097120
3098301
3098382
3101322
3106433
3110630
3112494
3113624
3114287
3122602
3123091
3123383
3123624
3124162
3125633
3127102
3127431
3129160
3130033
3130927
3131174
3132816
3133085
3133290
3133910
3134979
3140165
3140942
3141321
3142847
3147958
3152409
3153444
3153831
3153863
3158089
3159163
3160628
3164009
3164782
3165670
3167909
3168109
3171802
3171888
3175810
3178234
3178773
3180546
3180654
3182259
3185803
3186578
3187267
3187421
3189024
3189740
3191192
3191682
3192725
3193990
3195658
3197246
3200714
3203037
3203400
3205438
3211928
3213215
3213531
3214443
3214974
3215997
3216597
3221104
3224350
3224868
3226753
3226977
3229248
3230408
3231563
3232351
3233650
3236565
3239199
3240150
3241272
3242518
3243151
3243999
3245734
3247004
3248529
3249689
3250099
3251627
3254132
3256587
3257411
3258468
3258990
3259188
3259757
3260008
3261116
3261744
3262842
3264218
3264502
3266354
3267046
3267187
3268554
3269352
3272563
3274038
3275981
3276610
3278401
3278725
3282926
3284850
3285111
3285756
3287126
3290292
3291578
3292429
3292922
3292935
3295858
3298936
3299156
3300750
3304246
3305560
3306440
3308414
3309447
3310101
3312535
3314290
3315020
3315063
3315192
3315495
3315926
3316466
3318559
3319110
3319280
3319733
3321144
3323268
3324382
3325018
3326591
3330272
3331561
3332022
3332815
3334289
3334752
3336059
3336265
3337610
3338265
3339650
3340333
3342083
3344940
3345746
3345990
3346121
3348243
3348653
3351091
3351503
3353255
3356232
3356992
3358092
3359818
3360552
3361852
3362984
3364640
3368408
3368976
3371468
3373629
3375251
3375655
3375710
3377254
3378331
3378753
3385119
3385137
3385512
3385651
3385655
3388938
3389566
3389601
3389992
3392975
3393048
3393093
3393153
3394907
3395733
3397538
3398546
3398695
3399542
3401912
3402300
3404262
3408930
3410014
3411109
3411280
3411655
3414604
3416929
3419286
3420116
3420871
3422090
3426093
3428247
3430171
3430995
3432319
3433323
3434800
3436787
3441288
3443624
3446359
3446588
3447022
3448646
3453281
3453518
3459103
3462053
3462396
3463082
3468640
3469134
3469222
3470055
3470138
3473192
3479973
3486148
3487878
3487884
3491292
3492860
3493756
3494041
3496895
3497732
3498584
3500072
3500321
3501135
3501392
3503156
3505025
3505368
3508469
3509605
3509623
3512222
3512582
3512945
3513361
3513773
3515203
3517573
3518283
3518899
3519703
3523598
3525322
3527635
3531205
3531734
3532419
3534025
3534690
3535899
3536683
3536921
3541432
3541556
3542505
3543815
3547475
3548484
3554039
3554831
3557040
3560521
3560580
3560735
3562133
3562226
3562620
3564956
3565625
3567608
3568813
3570421
3572829
3572983
3575780
3576929
3579848
3583008
3584290
3584516
3587089
3588743
3590826
3591701
3592123
3595528
3596589
3597703
3599357
3604362
3606461
3610639
3611620
3612916
3619287
3620807
3622069
3626131
3626149
3631737
3633525
3635467
3638265
3639057
3639553
3639965
3641758
3643211
3644788
3647623
3647776
3650057
3655653
3656177
3662314
3662860
3665531
3667340
3667744
3668218
3668283
3669837
3672279
3674725
3676011
3678210
3682077
3683434
3689826
3692206
3692916
3692947
3693394
3694004
3696042
3696152
3699104
3700624
3700781
3701427
3701444
3702089
3706607
3706854
3707440
3708168
3710522
3712268
3714431
3715118
3718062
3718067
3718850
3723250
3724003
3726790
3728568
3736855
3736980
3738451
3742873
3742968
3743706
3745472
3745885
3746568
3747865
3749195
3750954
3751274
3753006
3753514
3754334
3756060
3757092
3757856
3759006
3759914
3760583
3761370
3762675
3762968
3765785
3769092
3769392
3770096
3770755
3772330
3774394
3774439
3775167
3775455
3780723
3780971
3781910
3782569
3784521
3786786
3789024
3791717
3791762
3793490
3794905
3796794
3797110
3798171
3798569
3799038
3799320
3801024
3802527
3802665
3803696
3807490
3809555
3809765
3810311
3810342
3810987
3811323
3811972
3813178
3814512
3815144
3815569
3815967
3816691
3818207
3821822
3822197
3822293
3823874
3824108
3824111
3827630
3829325
3830319
3831331
3835229
3836353
3837259
3837689
3838505
3839078
3839258
3839884
3840539
3843771
3848889
3849523
3849571
3850377
3850778
3851553
3851698
3853636
3854143
3854905
3855221
3858074
3858537
3860350
3860621
3863402
3865801
3870661
3871336
3874005
3875265
3877440
3881975
3887010
3891431
3895247
3896526
3899548
3902330
3904842
3905898
3905984
3907067
3908255
3909097
3911417
3914037
3915544
3918463
3918865
3918957
3919110
3920001
3922086
3922953
3923115
3924480
3924616
3925656
3926429
3928919
3929245
3929670
3935231
3935465
3938537
3939282
3941737
3942040
3942407
3942520
3943330
3947385
3954815
3955429
3955433
3957737
3958504
3960139
3962608
3963396
3966098
3969061
3973482
3975163
3975812
3978264
3978941
3978979
3982997
3985278
3985361
3988329
3988774
3989835
3993352
3997656
3997766
3998535
4002603
4003511
4004348
4005084
4006955
4007090
4008204
4008657
4010815
4013596
4014334
4015887
4016705
4017718
4017755
4019563
4020934
4021174
4025456
4026105
4026964
4027621
4027964
4028228
4030063
4030297
4031925
4034292
4036638
4037581
4037788
4039612
4040069
4041094
4041459
4042927
4043156
4043907
4045273
4045529
4046683
4047536
4049698
4049771
4049966
4049980
4050141
4052130
4053125
4053609
4054140
4056157
4062706
4062803
4064793
4068422
4068520
4068950
4069934
4070823
4079704
4081209
4083737
4084194
4084838
4085756
4085893
4086085
4090434
4094522
4095394
4096063
4096995
4097552
4099884
4102999
4103823
4105294
4105555
4106575
4107805
4108890
4109592
4110000
4117900
4118473
4119568
4121345
4122274
4122384
4122436
4125599
4128508
4129297
4131125
4131852
4132304
4132325
4135742
4136356
4137296
4138510
4139773
4140593
4140891
4142184
4143209
4150314
4153287
4154190
4155134
4158907
4161747
4168381
4174642
4177327
4178097
4178248
4179685
4179929
4187363
4189695
4189767
4191307
4195942
4196689
4207121
4208596
4209008
4210074
4210528
4215092
4216395
4217459
4221261
4232873
4233744
4237027
4237559
4240176
4240582
4242759
4244214
4245983
4247092
4247343
4248941
4252945
4255073
4255095
4255495
4256032
4261407
4262854
4265592
4265712
4265812
4268168
4271616
4272061
4272987
4273738
4278525
4280192
4282404
4284036
4284315
4285192
4286233
4286417
4287138
4287255
4287302
4290174
4296043
4296666
4299251
4300990
4306403
4306735
4308398
4310557
4312721
4313600
4314993
4317232
4318629
4320632
4320934
4321771
4322350
4323389
4323441
4325959
4326271
4326628
4329747
4331171
4331424
4333383
4334178
4337190
4341149
4343475
4347622
4348291
4348596
4349917
4353087
4353847
4355134
4358887
4359142
4361954
4362935
4363117
4365291
4367154
4367466
4368227
4371930
4372325
4372358
4375803
4377469
4377689
4378172
4378611
4380520
4381243
4381500
4383786
4384259
4386791
4388395
4388926
4389233
4389280
4391300
4394450
4395280
4399672
4399887
4401761
4404034
4410003
4411225
4414561
4414736
4416868
4417799
4419635
4420716
4421666
4423003
4423855
4424657
4425210
4425426
4428517
4431065
4431295
4431748
4431793
4435151
4436922
4437305
4437756
4437997
4438637
4438825
4438835
4438880
4440918
4441539
4441665
4442152
4444272
4447318
4450005
4451582
4452457
4452930
4453218
4453301
4454028
4455799
4456121
4458567
4460866
4461142
4463176
4467862
4468100
4469089
4472745
4473376
4475536
4476882
4479540
4479749
4486415
4487389
4487622
4492860
4493130
4494874
4496082
4496188
4496338
4497353
4497738
4501151
4501628
4503497
4504637
4507194
4508919
4508956
4509909
4512067
4514105
4514295
4515013
4515127
4516200
4516502
4517128
4517266
4521513
4522241
4523730
4526295
4527933
4527949
4529051
4530824
4533074
4533304
4535361
4535653
4536954
4540145
4540175
4540665
4541114
4542093
4542864
4542878
4546391
4550741
4551989
4553431
4553619
4555633
4556500
4558840
4559217
4559591
4559817
4560129
4560415
4561121
4563357
4565207
4565466
4571859
4572012
4572161
4572326
4573587
4574497
4575505
4576040
4577078
4578629
4581584
4583692
4585301
4588341
4589998
4591514
4594457
4594835
4598280
4599829
4603921
4604855
4605788
4606183
4606663
4608862
4609592
4609701
4612367
4616037
4618407
4619609
4620045
4620251
4622957
4623485
4624730
4625725
4626878
4629265
4635738
4636407
4636554
4637861
4640736
4643305
4644812
4644932
4645573
4645889
4645985
4647915
4651528
4651587
4652622
4657695
4659192
4660822
4662107
4662824
4664739
4666341
4667720
4667877
4670570
4670878
4671041
4671881
4672381
4672807
4675047
4677625
4680968
4681431
4682443
4682618
4682624
4683581
4685091
4687594
4688069
4691111
4691146
4692092
4693190
4695354
4695866
4696246
4697443
4698720
4699045
4702627
4702935
4705147
4708421
4709121
4709296
4710753
4712352
4714107
4716102
4716593
4716818
4722426
4722605
4722691
4727738
4730825
4731045
4735741
4736343
4736519
4738838
4739126
4743322
4743692
4744917
4747982
4748343
4749646
4750854
4751684
4754828
4755256
4755316
4755609
4756446
4760740
4761883
4770335
4772668
4775162
4778397
4780770
4782257
4782451
4782492
4784766
4785584
4785748
4788379
4790870
4791376
4792092
4793047
4793679
4796506
4796584
4798975
4801548
4802029
4803010
4803482
4803671
4805036
4805801
4805877
4806152
4809559
4811705
4811811
4814298
4815441
4817228
4818566
4819913
4820073
4823129
4823400
4825255
4826037
4827903
4829417
4832075
4833636
4833673
4834846
4836798
4837316
4840356
4841502
4843289
4844962
4845766
4847467
4847539
4847782
4848506
4851336
4854359
4854760
4857388
4857988
4859045
4862908
4863361
4863614
4863631
4863902
4863976
4864577
4865136
4866824
4868433
4869871
4877071
4878684
4880045
4881030
4889207
4889488
4893856
4896098
4897021
4897022
4904922
4906494
4907549
4910966
4911609
4912708
4913549
4913643
4914552
4914942
4917755
4918051
4919471
4922427
4922760
4925999
4926181
4926726
4926883
4926897
4927117
4928070
4928953
4931020
4933415
4934965
4937097
4937195
4937287
4943840
4944317
4944680
4945770
4948834
4949980
4953864
4954588
4954886
4957410
4959664
4959722
4963626
4968381
4968661
4969032
4973671
4976507
4977333
4978554
4978878
4980235
4980404
4982666
4982796
4987893
4989708
4992869
4994968
4996424
4998013
4999309
5000290
5001227
5001249
5001669
5001833
5002951
5003703
5004670
5005058
5005503
5005961
5005994
5006019
5012873
5015572
5016549
5020224
5022478
5022735
5025507
5027147
5033070
5033078
5033980
5034471
5034632
5035973
5037592
5038274
5041879
5046235
5048535
5049721
5050412
5051748
5056424
5058101
5062255
5063018
5063059
5063303
5063556
5066074
5067237
5067549
5069330
5070489
5071255
5071649
5072959
5073045
5073797
5076684
5076931
5078777
5080948
5081525
5082139
5082417
5082812
5087178
5091420
5092299
5093290
5093503
5096430
5098135
5103554
5104786
5108644
5113032
5113650
5115461
5115949
5116069
5118524
5120747
5121923
5122987
5125028
5127567
5130993
5132009
5132619
5132719
5132953
5137011
5137339
5141617
5142152
5145075
5145600
5145954
5150677
5150852
5152079
5155777
5159853
5161771
5162106
5162865
5163413
5167067
5170919
5171808
5173118
5173479
5175052
5175776
5176298
5176511
5176700
5179736
5180498
5182884
5184250
5186655
5187865
5189650
5189934
5189971
5190671
5193594
5194239
5196160
5197360
5198466
5199072
5200503
5203641
5205804
5210790
5212163
5213292
5213456
5213586
5213676
5215785
5216832
5217120
5217153
5217819
5220070
5220382
5220973
5221027
5223731
5226237
5226474
5227895
5230056
5235431
5238151
5238234
5239958
5240611
5240744
5241705
5242539
5246297
5247771
5247931
5249677
5250344
5256034
5259594
5263480
5264916
5266720
5268774
5271138
5278756
5279593
5280657
5280812
5289465
5295521
5296066
5296231
5297202
5297229
5301243
5301993
5303482
5304155
5304233
5305911
5308971
5314021
5314292
5321489
5322381
5323215
5323986
5327416
5329756
5332469
5333114
5333426
5335104
5336706
5338197
5338856
5341672
5345601
5346125
5347920
5348076
5349322
5351446
5352262
5353202
5354348
5357196
5358200
5359291
5361232
5361277
5366217
5372621
5376491
5379716
5380806
5381135
5381365
5383123
5387661
5390833
5395739
5395988
5397035
5397914
5400072
5400701
5401905
5402057
5403388
5403418
5404091
5405070
5406270
5406423
5406709
5406939
5415905
5417964
5418684
5419833
5420457
5423105
5425497
5426107
5428698
5430579
5433178
5433847
5434790
5434976
5436550
5440355
5442193
5442803
5442917
5447214
5448162
5449536
5450185
5450231
5450795
5452229
5452769
5453538
5455678
5457410
5457955
5460525
5462647
5462719
5462823
5464607
5468317
5468590
5469040
5469683
5473635
5473796
5474583
5474698
5475875
5476008
5477182
5477827
5478386
5479522
5480942
5484112
5487620
5490029
5491184
5495319
5497030
5498165
5498440
5498944
5503263
5507916
5510439
5511853
5515324
5515677
5517435
5517712
5518329
5519975
5520852
5522773
5522810
5523953
5526066
5526067
5528343
5529457
5533827
5533882
5534610
5536462
5536503
5536569
5536922
5537124
5544796
5547165
5547381
5547515
5548486
5549855
5551216
5551824
5555970
5559282
5561737
5563838
5565411
5566043
5567669
5569928
5574761
5574765
5575287
5578897
5580491
5580621
5581046
5581613
5584869
5590275
5594275
5594949
5600922
5602030
5603925
5604525
5604933
5605228
5607609
5609105
5609959
5616706
5619752
5620193
5622276
5623222
5623412
5624609
5628826
5630879
5632331
5634112
5634550
5634571
5635381
5635442
5636635
5636691
5641401
5641899
5642697
5643396
5644838
5646614
5649473
5652014
5653303
5653860
5653929
5654031
5656144
5656828
5657317
5657632
5658591
5659300
5661021
5661049
5661624
5662610
5663787
5668199
5668236
5668465
5673499
5674228
5676737
5677361
5678277
5681255
5683449
5684915
5685554
5686366
5687196
5687337
5689881
5691396
5692098
5692715
5694936
5695944
5696801
5696980
5697737
5697992
5699120
5699930
5701410
5703729
5705436
5705898
5707960
5708028
5708653
5710328
5710341
5711126
5711765
5711809
5712228
5713058
5714529
5716177
5716650
5717497
5718058
5721877
5722638
5724089
5724540
5725692
5725768
5726710
5730027
5730123
5730829
5735962
5736447
5737602
5738971
5742208
5744140
5744561
5745481
5746054
5748473
5753341
5754273
5755269
5756819
5757917
5760993
5761693
5764914
5766026
5768601
5769912
5770577
5770959
5771514
5772824
5772893
5773360
5774125
5775352
5775388
5777120
5777451
5779837
5783666
5783928
5787535
5789483
5790749
5791396
5795020
5796127
5796521
5796639
5798322
5799685
5799740
5800477
5801380
5803029
5804414
5807268
5811833
5813156
5813903
5815498
5817783
5826720
5829923
5830839
5830980
5834197
5837748
5838942
5843390
5843477
5844567
5846327
5848385
5849624
5849872
5853024
5855065
5855795
5856601
5858290
5860293
5860679
5860766
5864893
5866144
5866285
5867232
5868567
5870148
5870255
5872072
5874620
5875077
5875992
5878329
5879015
5880339
5880916
5881008
5886692
5886912
5887512
5888583
5889491
5890916
5893393
5894003
5895094
5900283
5902682
5903628
5905731
5906327
5906444
5908812
5912382
5912757
5915254
5915758
5922492
5923270
5923627
5925644
5925877
5926024
5926395
5933026
5940025
5941478
5944103
5945317
5946647
5947035
5948730
5951725
5958253
5960164
5961039
5962664
5963526
5966366
5967149
5968694
5970842
5971131
5973269
5974116
5974277
5974359
5975405
5978046
5979940
5981767
5983199
5985583
5986954
5987415
5989219
5992285
5994227
5994958
5996190
5997956
5999486
6000011
6002636
6003881
6007287
6010382
6012077
6012661
6013887
6015505
6017688
6021417
6022037
6022347
6022816
6024850
6026658
6029814
6029955
6030702
6033029
6033931
6034506
6034561
6034747
6035073
6035077
6035559
6036901
6040139
6042434
6042442
6042472
6044615
6045700
6048238
6049346
6051129
6053932
6055370
6055535
6056773
6056889
6058981
6060835
6062227
6067122
6067922
6068406
6070841
6071819
6076158
6078645
6080697
6080978
6082176
6083139
6084994
6086560
6087111
6088604
6088902
6098953
6104407
6105329
6107505
6112287
6114152
6114352
6114431
6114599
6114696
6115040
6118401
6119333
6119886
6120380
6120931
6122375
6123116
6123744
6124317
6126965
6137562
6139854
6141832
6141984
6143211
6145575
6148906
6148939
6149798
6150325
6150641
6151196
6151664
6151918
6153382
6153811
6153864
6153866
6156151
6160088
6161639
6164174
6165182
6170058
6170417
6171891
6173038
6175868
6176559
6178469
6178569
6179440
6179656
6180246
6181529
6183522
6183769
6185293
6185768
6187168
6188842
6189440
6189610
6193594
6196156
6197227
6197296
6198190
6198264
6199267
6200530
6201724
6201819
6203953
6204341
6207589
6211705
6213950
6214044
6217495
6219537
6219590
6222024
6222124
6222903
6223770
6223948
6229582
6230086
6230658
6230974
6232281
6232449
6233269
6233299
6233745
6235907
6238382
6240122
6241578
6241876
6246623
6247764
6248592
6249546
6251532
6255730
6256260
6257607
6257752
6258339
6259329
6261093
6264159
6264547
6264757
6264927
6266100
6266348
6267260
6267377
6267675
6269074
6269180
6269356
6269847
6272917
6273442
6275205
6276937
6277318
6278224
6279254
6279897
6280800
6281510
6284991
6285537
6285544
6285903
6286971
6288922
6290405
6291462
6291807
6292280
6292555
6292680
6294177
6296707
6298741
6298840
6299783
6300089
6300248
6300456
6302820
6304137
6304597
6304665
6305041
6309265
6314110
6314482
6318562
6320365
6320667
6321247
6323360
6323642
6323850
6324431
6324529
6328866
6330088
6332465
6334605
6335512
6337798
6339305
6342544
6342896
6347706
6348732
6349048
6351088
6351643
6353518
6354340
6354346
6354710
6356837
6358734
6362162
6362274
6362806
6364940
6365709
6368723
6370848
6372703
6373482
6374998
6376606
6378503
6380180
6390366
6390764
6391288
6395196
6397220
6397398
6399577
6400064
6400637
6404077
6404728
6405476
6407596
6407953
6408763
6409424
6410193
6410270
6410407
6412405
6414077
6417508
6421401
6421809
6423039
6426404
6430078
6430940
6431924
6432899
6439609
6439794
6439959
6441834
6442912
6442964
6443170
6445561
6445733
6446853
6446937
6447457
6448501
6449334
6450282
6453136
6453683
6453852
6453875
6456380
6456870
6457051
6458647
6464489
6465456
6469038
6471878
6473833
6473884
6475038
6475655
6476162
6477162
6478046
6481020
6481791
6481881
6482989
6484361
6485439
6486738
6489019
6490443
6492281
6492312
6495359
6495445
6501372
6502189
6504813
6508967
6509883
6510241
6510768
6511515
6515636
6519101
6519104
6520425
6522720
6522843
6522970
6523214
6523561
6527521
6527892
6529532
6532115
6533912
6537113
6538133
6544007
6548317
6550025
6554313
6555682
6555929
6556938
6559315
6559874
6560509
6560676
6561102
6561496
6561929
6561990
6564830
6565219
6568961
6574865
6574956
6578302
6581177
6582282
6584174
6584494
6586530
6590116
6591316
6594521
6596979
6597344
6597469
6599543
6599721
6600843
6600967
6601903
6602056
6605408
6605673
6606459
6606997
6608060
6608269
6609589
6611902
6617504
6617597
6618550
6619703
6620193
6620386
6621013
6623047
6623308
6623459
6627657
6629058
6631458
6632190
6634651
6639328
6639900
6642600
6643317
6644875
6647152
6647335
6648360
6649131
6649375
6650848
6653297
6653978
6654966
6655594
6657218
6657248
6657670
6659262
6660988
6664078
6664596
6665147
6667330
6668007
6668444
6670202
6670751
6671930
6673536
6674623
6675845
6676296
6679823
6682884
6683806
6684040
6684105
6687186
6689616
6693109
6693672
6694296
6694520
6694671
6696467
6696473
6696632
6696990
6698241
6698971
6699380
6699633
6699939
6700087
6700814
6700989
6703301
6703546
6703970
6705342
6705767
6706266
6707485
6707493
6709833
6709894
6713472
6713530
6720500
6722642
6722963
6725043
6725374
6727426
6728132
6732588
6737608
6739648
6742792
6744493
6745065
6746173
6746870
6750626
6750832
6750855
6754361
6755088
6756008
6756567
6756570
6756715
6759675
6761143
6762611
6764914
6765949
6767466
6769966
6772385
6773160
6775194
6776219
6778463
6778564
6780056
6780150
6780457
6780548
6787135
6787736
6788596
6788793
6790150
6792985
6793039
6801711
6801839
6803498
6804291
6807509
6807593
6810510
6812417
6813451
6813525
6816970
6817381
6819313
6819985
6820369
6823672
6824258
6826594
6828334
6831628
6834550
6834643
6837006
6838550
6839079
6840241
6840292
6840866
6844920
6844978
6845398
6846031
6853418
6857331
6858131
6860452
6862325
6863671
6865503
6866208
6867189
6867554
6867866
6872572
6872636
6872644
6873491
6874829
6874943
6875177
6875416
6877052
6883782
6884119
6887114
6887120
6888256
6888784
6892673
6901659
6905799
6907403
6907616
6910674
6911191
6913082
6916552
6919434
6924357
6929331
6936053
6938397
6939345
6940184
6940325
6941961
6942249
6943930
6944103
6944211
6947361
6947610
6948787
6949317
6952530
6958273
6959483
6960644
6962163
6962174
6963531
6964073
6965267
6966495
6966654
6968771
6969699
6974286
6975956
6977878
6978135
6981524
6982560
6982913
6983164
6986512
6988560
6991646
6992909
6993221
6993426
6994970
7001084
7003856
7004850
7005152
7006000
7007944
7008465
7009540
7012298
7015076
7020740
7021382
7021643
7022472
7026073
7026179
7026485
7026692
7031030
7032684
7033104
7033584
7035716
7040969
7042705
7043236
7043870
7045620
7047360
7047407
7050168
7053236
7053764
7053769
7055146
7055820
7057681
7059819
7060419
7061037
7061987
7063777
7065088
7066459
7074401
7074524
7076568
7077698
7079883
7080479
7080510
7085724
7086487
7086626
7086730
7087713
7090598
7091669
7091946
7093070
7095687
7095700
7102564
7104437
7106002
7107326
7110996
7112734
7113250
7114560
7117775
7118471
7121472
7121935
7122732
7124577
7130452
7131513
7134033
7134089
7134481
7138315
7138375
7142186
7142535
7142892
7147215
7152685
7154129
7155624
7160822
7162355
7168118
7168462
7168811
7169788
7169840
7173185
7177184
7177212
7180117
7181301
7185799
7192305
7193370
7194127
7194769
7195077
7195430
7195859
7196309
7197382
7202901
7203307
7205585
7206707
7206811
7209715
7211163
7215886
7219285
7221598
7223824
7225423
7225680
7226294
7228736
7238061
7241442
7245860
7250711
7251854
7252040
7252533
7253380
7253435
7256972
7257544
7259922
7261175
7264635
7265345
7265400
7265830
7267517
7268456
7270563
7271571
7273109
7273674
7274560
7275057
7276035
7277259
7279193
7281006
7281316
7281581
7282559
7284676
7285087
7286851
7289366
7289454
7289687
7289780
7291917
7293426
7294799
7297094
7298928
7299347
7300118
7302564
7302774
7303971
7304588
7304965
7305202
7306265
7307368
7309326
7310979
7313911
7321318
7321450
7321473
7323700
7326108
7330786
7331280
7332299
7339630
7348899
7350466
7351242
7352572
7357862
7364908
7365138
7366846
7369627
7370846
7373205
7375646
7377024
7377371
7378966
7380667
7381789
7386836
7390941
7391188
7391634
7392591
7393098
7393730
7398436
7399830
7400734
7401233
7401720
7402206
7403689
7404865
7405197
7407253
7409462
7412507
7415356
7415402
7415406
7417119
7418692
7419331
7419602
7425822
7427458
7427573
7427752
7430455
7432970
7433209
7440105
7444754
7445021
7445508
7445998
7446079
7447320
7448822
7449837
7451092
7452620
7452996
7453006
7455013
7455380
7455640
7456204
7456217
7457247
7458128
7462649
7463726
7467876
7468765
7468827
7470018
7470152
7472550
7473139
7477619
7479019
7481832
7483527
7483859
7483982
7484082
7486661
7488192
7489105
7490065
7491650
7491901
7492144
7492726
7493791
7494129
7494531
7495906
7496528
7496679
7496716
7496829
7498988
7500435
7507073
7507851
7508502
7512482
7512661
7515613
7517457
7517910
7518869
7518941
7520005
7521827
7522743
7522890
7523981
7525157
7526073
7526172
7528286
7529239
7529508
7531517
7533376
7533971
7534434
7535761
7537182
7537517
7537542
7539510
7540930
7542350
7543794
7544617
7544862
7546641
7547770
7553193
7554177
7555162
7555788
7556565
7557469
7557540
7559650
7560489
7563293
7564834
7568047
7568767
7569316
7569981
7570273
7571227
7571597
7574411
7575573
7578363
7581056
7581529
7582097
7587199
7587535
7591795
7592990
7593068
7595803
7600434
7601024
7601703
7602420
7604189
7605027
7605245
7605521
7605939
7607322
7609507
7609647
7611794
7612133
7616690
7620031
7620999
7621335
7624332
7627421
7627767
7630168
7630929
7631162
7632488
7633318
7637396
7641477
7641691
7641862
7643621
7643686
7643933
7644835
7647358
7648260
7649090
7650814
7653421
7656356
7656530
7657034
7659031
7659099
7659896
7661169
7661796
7662101
7662209
7663587
7665219
7666264
7666474
7666688
7667441
7673205
7675343
7675860
7676121
7680533
7681500
7684504
7684981
7688869
7692439
7695932
7702933
7706352
7706483
7710321
7711087
7711399
7711910
7714531
7716229
7717971
7718668
7719185
7720664
7720757
7720935
7721751
7722106
7723756
7723879
7725909
7732277
7733257
7739826
7742333
7743473
7745418
7746162
7749706
7750748
7752295
7754883
7755094
7755167
7758264
7759006
7759633
7759835
7763996
7767122
7771012
7775800
7776112
7776716
7778434
7780864
7781059
7784167
7784377
7787604
7789275
7792188
7792451
7792847
7794493
7795399
7795854
7796476
7796701
7798332
7798835
7798969
7799253
7800344
7801189
7805565
7806136
7811424
7811795
7812317
7812427
7813870
7814684
7815285
7819518
7819802
7820584
7821379
7822583
7825680
7827194
7829338
7830710
7830745
7832359
7832944
7833769
7834360
7835998
7836065
7837918
7839784
7839889
7839929
7840127
7840242
7841931
7842271
7843279
7844113
7844419
7846559
7847149
7847577
7851080
7852582
7854345
7855320
7856468
7857543
7858318
7862503
7865247
7867126
7867988
7870090
7870640
7870983
7871213
7873131
7873709
7874372
7875106
7875174
7875518
7877983
7878231
7879919
7883287
7883442
7885769
7887175
7887698
7888265
7892649
7896004
7896094
7896214
7897420
7899726
7900896
7902374
7903341
7903424
7907145
7907149
7908431
7908706
7909407
7913269
7913598
7915677
7916397
7916627
7919131
7919535
7919618
7923996
7924037
7927254
7928221
7929607
7930218
7930706
7930887
7931485
7931961
7933584
7934698
7934853
7935072
7935096
7935316
7936351
7936993
7940445
7941538
7943234
7944999
7948920
7950221
7955747
7955966
7959277
7961215
7962447
7962996
7963400
7963671
7965603
7967050
7967211
7967444
7967751
7971082
7971883
7973011
7975118
7976189
7977348
7980363
7980432
7980954
7982442
7983698
7984347
7986930
7987839
7988074
7998197
7999295
7999590
8001037
8001333
8001735
8001941
8002026
8002800
8005910
8010026
8010299
8012675
8013714
8015374
8015376
8016546
8021658
8023796
8024598
8031397
8031880
8033051
8034902
8036010
8036169
8037668
8041630
8041812
8041956
8042024
8044206
8047979
8048305
8051492
8051629
8051675
8053218
8053416
8054089
8055358
8057027
8057663
8059632
8062422
8062573
8063001
8063950
8067625
8069148
8070342
8070644
8071278
8074006
8074047
8076691
8082382
8088368
8088725
8088870
8089504
8091106
8091662
8092981
8094629
8096252
8096505
8099017
8100878
8101012
8103791
8103846
8106439
8106481
8107204
8107281
8107856
8112047
8112082
8112101
8112542
8115578
8115705
8116155
8117831
8120419
8122618
8122651
8123773
8125423
8125564
8125839
8126017
8126784
8127910
8129228
8133667
8136317
8145033
8147745
8148962
8154510
8158060
8159641
8164290
8165046
8165463
8166453
8169311
8170034
8170103
8171207
8171418
8171963
8173915
8174165
8174183
8174642
8177098
8177547
8177586
8177908
8179976
8180276
8181229
8184032
8186693
8194243
8196191
8197517
8198109
8199388
8199629
8201999
8204157
8206002
8208228
8209302
8209374
8210794
8211443
8217214
8218195
8219068
8222650
8229881
8231323
8232219
8232702
8234760
8236821
8236923
8237204
8239561
8240852
8241330
8242370
8242621
8243145
8245034
8245209
8248514
8252882
8254206
8254347
8254934
8255599
8256646
8257725
8257956
8260059
8263244
8266428
8266871
8269515
8270455
8274489
8274641
8277855
8278067
8278805
8279399
8281696
8281920
8286176
8287210
8288443
8289799
8290274
8292959
8300926
8302231
8303147
8303712
8303916
8305411
8307205
8308494
8309949
8311572
8312120
8312831
8313362
8313871
8315559
8315739
8316014
8316330
8318258
8319437
8320979
8325196
8326737
8327491
8327724
8328771
8330737
8330974
8331496
8332555
8334062
8335278
8337641
8338871
8342325
8342843
8343230
8344053
8351542
8352001
8354190
8356325
8357525
8359861
8361723
8363857
8365103
8365652
8365702
8368827
8371818
8372636
8373213
8374258
8374362
8374368
8379523
8379743
8382632
8382887
8383411
8387224
8387675
8388432
8389572
8396364
8397186
8398779
8399016
8399719
8401396
8401509
8406486
8410613
8410984
8411111
8413170
8414551
8414940
8417986
8418396
8418473
8420740
8421252
8421779
8422958
8426942
8428560
8429994
8430053
8431840
8433741
8434094
8436002
8437391
8439172
8440047
8440923
8441784
8442100
8442934
8443795
8445092
8445705
8447959
8452255
8452610
8453383
8455352
8455585
8456405
8457221
8457468
8461564
8463173
8467874
8470748
8471087
8471503
8474771
8475489
8479351
8479677
8479869
8481114
8484027
8485708
8485951
8487542
8487931
8488136
8489309
8489539
8489882
8490733
8490922
8493028
8493387
8493905
8494513
8501875
8502239
8502814
8504595
8505521
8507037
8507940
8510022
8511682
8512790
8513565
8513847
8515062
8515068
8515287
8519249
8520221
8521109
8521764
8529753
8529831
8530485
8530991
8533409
8535979
8537499
8538709
8538882
8541856
8542831
8542840
8543838
8543923
8547930
8551440
8555013
8556129
8556435
8559487
8563403
8563577
8569908
8570325
8571048
8574004
8574814
8574842
8575097
8575569
8576142
8576244
8579249
8579500
8580842
8581850
8584571
8586581
8588772
8589331
8589953
8591058
8592303
8593195
8594732
8595622
8596938
8596993
8599335
8599884
8603848
8606247
8607163
8607320
8609234
8612061
8612843
8614205
8616252
8619464
8623398
8625179
8625786
8628908
8629738
8630174
8633512
8633591
8636293
8637094
8641830
8642897
8644149
8646668
8653123
8653137
8653336
8656506
8656993
8657510
8659260
8661698
8662024
8663634
8664882
8667703
8669774
8670176
8673630
8674666
8679310
8680089
8685765
8687708
8691083
8693008
8695432
8695748
8696208
8699677
8700263
8702605
8706966
8707899
8708884
8709751
8710620
8715961
8716575
8716783
8717428
8718677
8722145
8724813
8726508
8729250
8733753
8733836
8734852
8735291
8735538
8735878
8736896
8738388
8739895
8741568
8741687
8741764
8742637
8745752
8746544
8747156
8750240
8750428
8750515
8750642
8754687
8757293
8759831
8762446
8762740
8763064
8764253
8764700
8770321
8770370
8771216
8771463
8771638
8773185
8775920
8778972
8779845
8780903
8781985
8783144
8784605
8786923
8787170
8792810
8796360
8797270
8802584
8803139
8805012
8805960
8806011
8806809
8806899
8807662
8808092
8809387
8810458
8811058
8811760
8811774
8814504
8816212
8816646
8816817
8818409
8819423
8821777
8823005
8823491
8825310
8826798
8827818
8829113
8829609
8830366
8832740
8836994
8839783
8848804
8849669
8850169
8850650
8852035
8854159
8854814
8857048
8857504
8858424
8859376
8861874
8864478
8864557
8865287
8869620
8871054
8873078
8873699
8874615
8874800
8877970
8879095
8880888
8881950
8882148
8882185
8883301
8887491
8892289
8901391
8904367
8905566
8906435
8906754
8912043
8912929
8913271
8917099
8917831
8918088
8920018
8920346
8921491
8922376
8923105
8923415
8923576
8923658
8924304
8925079
8925234
8925967
8926759
8932050
8932738
8933731
8935559
8937222
8939092
8939386
8941867
8942252
8942718
8946594
8948614
8949568
8952690
8957241
8958487
8960336
8962659
8963526
8967664
8973413
8977299
8977330
8980222
8981979
8986469
8996969
8998257
8998344
8999052
9000927
9001129
9001724
9004225
9004432
9004999
9007618
9007986
9008875
9008930
9009974
9011917
9012080
9014069
9014107
9014262
9020403
9024957
9025118
9026107
9026662
9029906
9031516
9032960
9035804
9038472
9039033
9039620
9040500
9041159
9041632
9042785
9049137
9050033
9050286
9052781
9053089
9053579
9053731
9054173
9057289
9058561
9060643
9064046
9068812
9071147
9072203
9073010
9074889
9077009
9077627
9078969
9079971
9082025
9083751
9085630
9086110
9086728
9087703
9088286
9088425
9088511
9088680
9089033
9089314
9095633
9096946
9098360
9098919
9099992
9102644
9103615
9105790
9108323
9109776
9110499
9110672
9114448
9127449
9128845
9129395
9131681
9133690
9134333
9135355
9137082
9140275
9142656
9142676
9145859
9145949
9147063
9151479
9153853
9154100
9154158
9156014
9156255
9159496
9160828
9162302
9165707
9166375
9167438
9168130
9170350
9170827
9171413
9172237
9173787
9179705
9179756
9181113
9184514
9184918
9185158
9187306
9188725
9188757
9190489
9190777
9191386
9194029
9195752
9197233
9197236
9199374
9200952
9202427
9203140
9203299
9205881
9206324
9209168
9210820
9212587
9212656
9213034
9215632
9217575
9217971
9218499
9220003
9220011
9221671
9226745
9227543
9229956
9231972
9233493
9237262
9239805
9242092
9245330
9245430
9247454
9250442
9251018
9252140
9252370
9256915
9259103
9260287
9262699
9263505
9265178
9265374
9269256
9270152
9271147
9273323
9274115
9275755
9277789
9277830
9278444
9285460
9286186
9291568
9291696
9296080
9297245
9298567
9302295
9305506
9306154
9309382
9311722
9312140
9312682
9312795
9316354
9317077
9318819
9318919
9319653
9320304
9325498
9326316
9326873
9327958
9328064
9329670
9331324
9338904
9340191
9344517
9345062
9348128
9348845
9349222
9350221
9350654
9351390
9356441
9356556
9357756
9358360
9359973
9360889
9360930
9362074
9363517
9365599
9366011
9371616
9373440
9374241
9376642
9376740
9380618
9381469
9382103
9383509
9384103
9385831
9386143
9386331
9390778
9391286
9391700
9391796
9392757
9393607
9393869
9396384
9396988
9399985
9401090
9403080
9403639
9403747
9407096
9408839
9409308
9411823
9412376
9412451
9412591
9414433
9414489
9416927
9417892
9419973
9420594
9425002
9427171
9428084
9429725
9430192
9432570
9433595
9435321
9436838
9440484
9444954
9445215
9445225
9446337
9448098
9448332
9448852
9449162
9449537
9449630
9450301
9453801
9455721
9455997
9457117
9457231
9457273
9458431
9459257
9459546
9459870
9464212
9465683
9466998
9469865
9471058
9471121
9475958
9476136
9477127
9477680
9478863
9479672
9481005
9485271
9488656
9493419
9494345
9495957
9498454
9501853
9502495
9503411
9504464
9505843
9506407
9511472
9512467
9513688
9516438
9516823
9519389
9519626
9520405
9523253
9523928
9525248
9525630
9526215
9528119
9532391
9532764
9535654
9537309
9537581
9539229
9544705
9546145
9547018
9548974
9552616
9552903
9553707
9555035
9555164
9555198
9555384
9556080
9560111
9560501
9561345
9561512
9561823
9564568
9564619
9565242
9566539
9567949
9569300
9570354
9570728
9571087
9573593
9575946
9576684
9577005
9578875
9580865
9581280
9584531
9584716
9584885
9588618
9591012
9591903
9593423
9594308
9595471
9596006
9597215
9601467
9601736
9605721
9608627
9608832
9608883
9610686
9611310
9613202
9614097
9614366
9617587
9619395
9619473
9620303
9622502
9624683
9627302
9628801
9629634
9629950
9632108
9632300
9632537
9634269
9635757
9636909
9638070
9639720
9639835
9639945
9640018
9640465
9644728
9646522
9646979
9648135
9649461
9652536
9653482
9654044
9654339
9655149
9656010
9659811
9660961
9663371
9665019
9665560
9666521
9668187
9674974
9677608
9681539
9681800
9684414
9685811
9685827
9686797
9689807
9690045
9697649
9698543
9702015
9702052
9702513
9703462
9706155
9708337
9708519
9712012
9712950
9713372
9715623
9715780
9716392
9717332
9717867
9718629
9718968
9719211
9719441
9720086
9721115
9721588
9721794
9721845
9722304
9722554
9724332
9724579
9728248
9728304
9729777
9734693
9735684
9737349
9739344
9739573
9740776
9741564
9742926
9743408
9744669
9745203
9745911
9747317
9750699
9752668
9756240
9758568
9759312
9759613
9761583
9764711
9764716
9766261
9766983
9766989
9769755
9770117
9770292
9774066
9775448
9777603
9778362
9778477
9779850
9780331
9781327
9782787
9787143
9789315
9790927
9791770
9794038
9794656
9796387
9798223
9800493
9800573
9800761
9800915
9802096
9802406
9802905
9805271
9806013
9806287
9809073
9809731
9812662
9815104
9815618
9815694
9815783
9816730
9816942
9817165
9817803
9817978
9819924
9820092
9821526
9821852
9822466
9828534
9829199
9830509
9831761
9832273
9832420
9841966
9844597
9846495
9848543
9849726
9850014
9850591
9851750
9852250
9854041
9856060
9858188
9858586
9861171
9869400
9869869
9874792
9875018
9875492
9876336
9879297
9881942
9882520
9883011
9885427
9886596
9888218
9890087
9891272
9895237
9896435
9897388
9899611
9900953
9901984
9903912
9904800
9904974
9906244
9906591
9908740
9908955
9910766
9911795
9912621
9913013
9916087
9916556
9916680
9917992
9921501
9924000
9927018
9928917
9931507
9935822
9936294
9936789
9938742
9939544
9941333
9943320
9943458
9943612
9943928
9947499
9947792
9949736
9958867
9958942
9960603
9960726
9961809
9962486
9963765
9964712
9965272
9965824
9966366
9969995
9971813
9975332
9976369
9977676
9979178
9979371
9979422
9983737
9984111
9984571
9984908
9986605
9986718
9986989
9990447
9991012
9991218
9992454
9995753
9999270
9999921
10000727
10001702
10002183
10003510
10003852
10006406
10006831
10011554
10013989
10015632
10015934
10017494
10017496
10017537
10019414
10021458
10023245
10024995
10025422
10025865
10027670
10029749
10031015
10032692
10033364
10033680
10034335
10035045
10035889
10038864
10043668
10044872
10048187
10049434
10050965
10052618
10055480
10055665
10056374
10056549
10058000
10060890
10063911
10064542
10065754
10066347
10067219
10067661
10068078
10073300
10075746
10081211
10081380
10081817
10082823
10083749
10084078
10086177
10086832
10087523
10089292
10091522
10093615
10094335
10095014
10096524
10097409
10097789
10098919
10099053
10099505
10099645
10103593
10104083
10105214
10108585
10108591
10109240
10110704
10114619
10116735
10120042
10120436
10121123
10122374
10124052
10125030
10125291
10128094
10128522
10129603
10129877
10131737
10132529
10132600
10132915
10134371
10134881
10137345
10138351
10140340
10145853
10145904
10146318
10147224
10150412
10150793
10150957
10151804
10152414
10153235
10155626
10162033
10166575
10170301
10170864
10173771
10173909
10174267
10174311
10177720
10179167
10181772
10182556
10185026
10188268
10190375
10191594
10199528
10200024
10201057
10201369
10202564
10208433
10210563
10211155
10211228
10211622
10212038
10212289
10216536
10218106
10218281
10221735
10222157
10224370
10225295
10226604
10226823
10229097
10229265
10229303
10229371
10230213
10230219
10231506
10233146
10233391
10236843
10238351
10239142
10239444
10241313
10241674
10242653
10248125
10251771
10252166
10252509
10253545
10253974
10254406
10255528
10255967
10255985
10264199
10264598
10265527
10266132
10268766
10272458
10272516
10273026
10274492
10274872
10274882
10275358
10279599
10281719
10281757
10282494
10282559
10287214
10290158
10290328
10290373
10291392
10295164
10295638
10300026
10304294
10305875
10306768
10308198
10308835
10309714
10312118
10312425
10312550
10313035
10313988
10316548
10319394
10319776
10325761
10326677
10328142
10328169
10331480
10331806
10333483
10335727
10336869
10337157
10337887
10337977
10339271
10340987
10341125
10343908
10345205
10350514
10352607
10352735
10352780
10355168
10355987
10357701
10363157
10363488
10364940
10365036
10365907
10366291
10367783
10367941
10368201
10369007
10372907
10372909
10372987
10375443
10377650
10379031
10380935
10382955
10383542
10384191
10389205
10389515
10391545
10391649
10393822
10396841
10396972
10398455
10398650
10400037
10400801
10401352
10406368
10409332
10409636
10410298
10411509
10413930
10415448
10417603
10418905
10421901
10423507
10424763
10425437
10425455
10425771
10426972
10432295
10434659
10438301
10439958
10440600
10440709
10441767
10446627
10447316
10447887
10449185
10450003
10452928
10453714
10453854
10455909
10456043
10460105
10461380
10462598
10463357
10464165
10466101
10470289
10471762
10472390
10481458
10486399
10488958
10490333
10490937
10491905
10493101
10493852
10495256
10499548
10500856
10500978
10503142
10503244
10504946
10506157
10507649
10508220
10510640
10510960
10512917
10514002
10515330
10520740
10522847
10524214
10526293
10531561
10533447
10533676
10533898
10534337
10536416
10536448
10538584
10539239
10541243
10541306
10541446
10542976
10547598
10547762
10548495
10551665
10553307
10553818
10554385
10556121
10559372
10562994
10564312
10564474
10564885
10567194
10567270
10567857
10568312
10570287
10570624
10570672
10572292
10573457
10574738
10576764
10577237
10582659
10585595
10586195
10586373
10588098
10589218
10589824
10591716
10592677
10592787
10593864
10594068
10595477
10597030
10597670
10599154
10599261
10601110
10606334
10608531
10609432
10609809
10610602
10610798
10611353
10611792
10612750
10613558
10614674
10615250
10615315
10615617
10618691
10620968
10621274
10621362
10621602
10627496
10627674
10628216
10632388
10633753
10635428
10635653
10635773
10639132
10639479
10639589
10642623
10643662
10644147
10649347
10650423
10651965
10653142
10654833
10655241
10655457
10657762
10659382
10659490
10660839
10663617
10666027
10667188
10668393
10673375
10674558
10675332
10678918
10679772
10685589
10686643
10689057
10689497
10692823
10694223
10694859
10695314
10696244
10697636
10699102
10701485
10703986
10704864
10705090
10705461
10705702
10708950
10711033
10713169
10713316
10714884
10715058
10716633
10717138
10717316
10718260
10718664
10719660
10719701
10721447
10722188
10722950
10723148
10729317
10729926
10736637
10737220
10737672
10738482
10738529
10739651
10743614
10743971
10745419
10746897
10747892
10749463
10749936
10751050
10751752
10753778
10754131
10754194
10754392
10755918
10757178
10759349
10761349
10761373
10761471
10763535
10764488
10766192
10766330
10766669
10771171
10772624
10774562
10777520
10778124
10778857
10780702
10781755
10782908
10785601
10785999
10786386
10787090
10791612
10796883
10797413
10799818
10799903
10799955
10802138
10802784
10803933
10804217
10806411
10806727
10808013
10808249
10808421
10809366
10809902
10814812
10815838
10815896
10817507
10817534
10819239
10820561
10820673
10821544
10823874
10824468
10826685
10827963
10829486
10830625
10832333
10832502
10833328
10834268
10837922
10838216
10838944
10840035
10841561
10842563
10846223
10846531
10846988
10847214
10847451
10848655
10848896
10849485
10851464
10851857
10854244
10854377
10854563
10854624
10863866
10866079
10867581
10870533
10874945
10877954
10879219
10879542
10882713
10883507
10884643
10885110
10886304
10887318
10887467
10889075
10892335
10893405
10894872
10894972
10896266
10899104
10900111
10900528
10900950
10908151
10909579
10912207
10914302
10916303
10917939
10920948
10924463
10925636
10925834
10925904
10926134
10926736
10927542
10927554
10930223
10932915
10933036
10934607
10935286
10936867
10938089
10940208
10940804
10944629
10945752
10947238
10948311
10948493
10949356
10957090
10958828
10961493
10962358
10965485
10967960
10968086
10972529
10975112
10975235
10976365
10980130
10980435
10980445
10981993
10982875
10987928
10988240
10992353
10993454
10996517
10997039
10998122
11001268
11002043
11004222
11004446
11006166
11011192
11015207
11015272
11017123
11018276
11018630
11019024
11020022
11021272
11021988
11023486
11024135
11024475
11027658
11029710
11032835
11033209
11033792
11035328
11036287
11037499
11037648
11038368
11038386
11039325
11039462
11039700
11040865
11043266
11044125
11045318
11046049
11047512
11047928
11048272
11048680
11049248
11051070
11054309
11058446
11063077
11064209
11066452
11066662
11067323
11069660
11069777
11070950
11073324
11073947
11076507
11076672
11080204
11081632
11082089
11082195
11083127
11083296
11084739
11087738
11088962
11089527
11089732
11091175
11091358
11097724
11099878
11100726
11101312
11103109
11105696
11106169
11106177
11107075
11107218
11109472
11112540
11113232
11115015
11116773
11122031
11123575
11125085
11125740
11126199
11127047
11128147
11134990
11136528
11137138
11138141
11138912
11139465
11143011
11144840
11150624
11151302
11159470
11159759
11160051
11161361
11161728
11162879
11167824
11171031
11171688
11171929
11172136
11174206
11180166
11180684
11180803
11189400
11192178
11193156
11193568
11194988
11195253
11195448
11197946
11199092
11200793
11201477
11205608
11208630
11210220
11214191
11214750
11216647
11218750
11220682
11221567
11222338
11223134
11224348
11224550
11227430
11227536
11230862
11231521
11234104
11235466
11241909
11242295
11243164
11245511
11250063
11252080
11259582
11263348
11264333
11265033
11267767
11271859
11272720
11273824
11275303
11275939
11276196
11279011
11281154
11282853
11287059
11287865
11293122
11294671
11295002
11295775
11297717
11300989
11301617
11301844
11302190
11303062
11303957
11304180
11305014
11305045
11305326
11305967
11306856
11310077
11312183
11313349
11315634
11318272
11322405
11324195
11327161
11329009
11329427
11329637
11329670
11333307
11343136
11343352
11343846
11344734
11344750
11346751
11347539
11347817
11348243
11348449
11349210
11349371
11350121
11351278
11352251
11352449
11353306
11354377
11358761
11361817
11365590
11367727
11367862
11369500
11371206
11372454
11374774
11374939
11378738
11380470
11380735
11381469
11382398
11383150
11384762
11385388
11388693
11388711
11390447
11392755
11392985
11395311
11397108
11401568
11404401
11405011
11406509
11406682
11407541
11407859
11408647
11410071
11413176
11413455
11413798
11414830
11416054
11416552
11418586
11418929
11423429
11424325
11429460
11431834
11435007
11436557
11440211
11441459
11442273
11443597
11452626
11453208
11458547
11458690
11473019
11475369
11479052
11480765
11482915
11483376
11483523
11483560
11484761
11484870
11488984
11492940
11493297
11496653
11497384
11498401
11498830
11500723
11501969
11501992
11502181
11504524
11505145
11505919
11507196
11507467
11507861
11509263
11510842
11511611
11512153
11512624
11514612
11514658
11516193
11517209
11519785
11520742
11521356
11522170
11525093
11525098
11527517
11529184
11532230
11532609
11533229
11533348
11534231
11534484
11535423
11535914
11537516
11538848
11538886
11539054
11540041
11540275
11540521
11543193
11545162
11546463
11547002
11548835
11550062
11551016
11552175
11553214
11556376
11560174
11564685
11565617
11571580
11572170
11578016
11579720
11580965
11582619
11585124
11587466
11590224
11591016
11596728
11597510
11598803
11599046
11603213
11604521
11606329
11607020
11609152
11609952
11610764
11612091
11612788
11613965
11615468
11616594
11618343
11620699
11623238
11624265
11625229
11625752
11626256
11629008
11634286
11634302
11634804
11638555
11639072
11640895
11641772
11645594
11648444
11649096
11650259
11650653
11652461
11653672
11654087
11656232
11660743
11664372
11666488
11667449
11670043
11673048
11673304
11673565
11673901
11677047
11677121
11677396
11679970
11680886
11694794
11695636
11696083
11699690
11700028
11700661
11705343
11706187
11706446
11707481
11707546
11708507
11709988
11712260
11714331
11714393
11715662
11716787
11718771
11719240
11723605
11724774
11725011
11738186
11739638
11741825
11742684
11743637
11745377
11746881
11747599
11748600
11749363
11750171
11750738
11752484
11753253
11753759
11754920
11755465
11759290
11759512
11760120
11760243
11761469
11761865
11768719
11771090
11772661
11772854
11774466
11777504
11779065
11779707
11779878
11780449
11785058
11788341
11790644
11791727
11792317
11792845
11793714
11793833
11794224
11795871
11798667
11802436
11803376
11804055
11804773
11805946
11808155
11808945
11810712
11811767
11812097
11814059
11816907
11817187
11818452
11820426
11820718
11821684
11821887
11822099
11825373
11827142
11827479
11828057
11828381
11830176
11830357
11830869
11832550
11833438
11834974
11835333
11838973
11840507
11843773
11843999
11845224
11845830
11847794
11849041
11851738
11852778
11854241
11854977
11856191
11859536
11861886
11862939
11865353
11865830
11868011
11870334
11873727
11874633
11874978
11875490
11876324
11880004
11880722
11881102
11883419
11886996
11888111
11888562
11888656
11890048
11892922
11893265
11894117
11894391
11895874
11897529
11897780
11901156
11901588
11902624
11902973
11903869
11904671
11906905
11911591
11912743
11916942
11917474
11917666
11917868
11920524
11926169
11929017
11933725
11936241
11937647
11941367
11944354
11945274
11945635
11947386
11948934
11951643
11952545
11953877
11956674
11957174
11958985
11959228
11960289
11961050
11961058
11962282
11963759
11966662
11967976
11973125
11973368
11975159
11978315
11979084
11979364
11982075
11983862
11984912
11985114
11985320
11986077
11986506
11987032
11988273
11988572
11988689
11989419
11989917
11990684
11994233
11996561
12005193
12006180
12008091
12008875
12010235
12010238
12014512
12014612
12017815
12021209
12021319
12021644
12023359
12023847
12025003
12025287
12026093
12028964
12028965
12037118
12037883
12039251
12039859
12040123
12044250
12049958
12050356
12051567
12051882
12052332
12053405
12053707
12054242
12054640
12059470
12063275
12064667
12067014
12067063
12068941
12072411
12073253
12073830
12075789
12076838
12077198
12078904
12081878
12085504
12085648
12085661
12088400
12090952
12091826
12092010
12094676
12095798
12099137
12099349
12102326
12103009
12106641
12106778
12107698
12107805
12108281
12112891
12114432
12116559
12118637
12118707
12118908
12121694
12122308
12123971
12125010
12129950
12131543
12132276
12134461
12138056
12138248
12138890
12140026
12142225
12142636
12145387
12146173
12147956
12150283
12152660
12155065
12156255
12157956
12159280
12161733
12164849
12164850
12167318
12170221
12171733
12172322
12172961
12175246
12179495
12184542
12184785
12184857
12186282
12190157
12192682
12192802
12192901
12193982
12197419
12198743
12200089
12200593
12201634
12201666
12203332
12203878
12206108
12209117
12209250
12210561
12210753
12211261
12213903
12214798
12215888
12218636
12219020
12219782
12221826
12222124
12223002
12227534
12230541
12231527
12233055
12233133
12235009
12236660
12237561
12237706
12238539
12239085
12241095
12244483
12245260
12245410
12249945
12251112
12252209
12253227
12253248
12253913
12253996
12254682
12257509
12261485
12262058
12262365
12262891
12263364
12263721
12265471
12266412
12267934
12270637
12273038
12273724
12274636
12278008
12279992
12280286
12284503
12291007
12292855
12293449
12294787
12294910
12295460
12297297
12299871
12299997
12301283
12301526
12301627
12303610
12305559
12306862
12310889
12312611
12315887
12317101
12318078
12320267
12320339
12333512
12333642
12334883
12335135
12338244
12340421
12340917
12344434
12346160
12349394
12350032
12351799
12353021
12355830
12356052
12357613
12359641
12360307
12364465
12367635
12370025
12370035
12370159
12373503
12375726
12379513
12381694
12381716
12383884
12386896
12388505
12389791
12391056
12394993
12395547
12398789
12398850
12399100
12399438
12400566
12406379
12406993
12410197
12411350
12414208
12417101
12417292
12417639
12418096
12420536
12421946
12423254
12423576
12423627
12423978
12425583
12426554
12432454
12434197
12437300
12439164
12439362
12443636
12444224
12444573
12447019
12447184
12447286
12448862
12451856
12453373
12454455
12455842
12457194
12457578
12458151
12460381
12461028
12461341
12462549
12466882
12467019
12468113
12469783
12470412
12470552
12473090
12475271
12477097
12482027
12483817
12485165
12485192
12490780
12499405
12504122
12504701
12504893
12505185
12505266
12508999
12509130
12511513
12513418
12513747
12514151
12514187
12515919
12518816
12518933
12520967
12521105
12523033
12523202
12525242
12525255
12525970
12531948
12532409
12535891
12536565
12536901
12538562
12539633
12540119
12540453
12543111
12545082
12546130
12546655
12548579
12552322
12553042
12553240
12553858
12555439
12555515
12555560
12562771
12563800
12563908
12564012
12565103
12569524
12569659
12569793
12571929
12573180
12574430
12574846
12575391
12577960
12578259
12580034
12580159
12580275
12580907
12583441
12585135
12586257
12586358
12586570
12588392
12588723
12590036
12590426
12595949
12597187
12599862
12600264
12601639
12606568
12608034
12608670
12609893
12610746
12610868
12613863
12614699
12615717
12619101
12620062
12620178
12621048
12621539
12626696
12626874
12631150
12634237
12634639
12635171
12640471
12640705
12644012
12645167
12647315
12647919
12648749
12651308
12652978
12657520
12658560
12660639
12660670
12662814
12664035
12664072
12665256
12666247
12666353
12667283
12676242
12676243
12677180
12678510
12680132
12680713
12680960
12686013
12687456
12689159
12689420
12690554
12691597
12692599
12693302
12693868
12696005
12696089
12698356
12698617
12700434
12701665
12703474
12706993
12709280
12716022
12716938
12717932
12718885
12720680
12720752
12723970
12724597
12725957
12728752
12729893
12731815
12732617
12734710
12740689
12741853
12742109
12743741
12745879
12746887
12747139
12747705
12751417
12752270
12752998
12754884
12755242
12761981
12761995
12764359
12765934
12767496
12767893
12767923
12768362
12778499
12779058
12779171
12780217
12782745
12782753
12783853
12785315
12785607
12787290
12787775
12790275
12794302
12795154
12797661
12799228
12800307
12800540
12800559
12800670
12802233
12802519
12803671
12803715
12804037
12804302
12806858
12810614
12811654
12812201
12812342
12816428
12819107
12823766
12826102
12826441
12828242
12830825
12834939
12835213
12836492
12837631
12840733
12842221
12843371
12844932
12845367
12846995
12847833
12848406
12850520
12855191
12856540
12858773
12862419
12863233
12863621
12864580
12866069
12866679
12867552
12867850
12867997
12869270
12870306
12871879
12874488
12877660
12877893
12878597
12879101
12879297
12879386
12886476
12886841
12888136
12888970
12889217
12889363
12890064
12890237
12894126
12895203
12897159
12898249
12898822
12899542
12900503
12900909
12901745
12901941
12902888
12905110
12907599
12910942
12910993
12911350
12911717
12914900
12918355
12921411
12922379
12923037
12923064
12924217
12927223
12929082
12929462
12929600
12929765
12930004
12930408
12933305
12935472
12936069
12937039
12939197
12939531
12940804
12947283
12947332
12947780
12949197
12949476
12950576
12950680
12950887
12951701
12952889
12960476
12960758
12961001
12961231
12961482
12962650
12963672
12963847
12965954
12968574
12968719
12969231
12969475
12971211
12973103
12975600
12975916
12977981
12979710
12980551
12984001
12987356
12987515
12988658
12989823
12991014
12991037
12996209
12996818
12997954
12998224
13000419
13001967
13002265
13006415
13007111
13009856
13012220
13013259
13013345
13017180
13020657
13020816
13024281
13025650
13029035
13029506
13030885
13034733
13037334
13038827
13042530
13043841
13045676
13047063
13048366
13050249
13051431
13051608
13056211
13056543
13056798
13061476
13062368
13064028
13065795
13072163
13074316
13075863
13076227
13076868
13076890
13083149
13084357
13085836
13086034
13086212
13088984
13089208
13090142
13091163
13091626
13092635
13093349
13094843
13097491
13098007
13101028
13101323
13102805
13107347
13110095
13111320
13112584
13119707
13120554
13123463
13131387
13133164
13133884
13137168
13138021
13142540
13142962
13143276
13143582
13145875
13147238
13149005
13151461
13152089
13154131
13155147
13155208
13156367
13156600
13156734
13158766
13159386
13162079
13163068
13168239
13170609
13174764
13175897
13179059
13181348
13182990
13183255
13188718
13190557
13191481
13191781
13192225
13196165
13198066
13198543
13198719
13198968
13200540
13203949
13207812
13208248
13210309
13211074
13213182
13214189
13215009
13217932
13221908
13225996
13226773
13229104
13234628
13234944
13237451
13249381
13249910
13251399
13254266
13254629
13255175
13255367
13256771
13257532
13261903
13262152
13262434
13264419
13265783
13266283
13267191
13268911
13269552
13269566
13273771
13274817
13275246
13275864
13277412
13277963
13278954
13283447
13288902
13289891
13290948
13291866
13292500
13292571
13293533
13297358
13299442
13299506
13305705
13310730
13312277
13312631
13312984
13318438
13318685
13319025
13319612
13321636
13322936
13323926
13324142
13326135
13332873
13333377
13335089
13335460
13337212
13337381
13341802
13344177
13344509
13347010
13349575
13353212
13353610
13356423
13358041
13364031
13364278
13364343
13364488
13365812
13366583
13368429
13368841
13370473
13372111
13372611
13373737
13377259
13378020
13378434
13379374
13380912
13381461
13382404
13385286
13388091
13388373
13389180
13391522
13392675
13393508
13393961
13397624
13406760
13407460
13409316
13411527
13411571
13415095
13415136
13418025
13420045
13420165
13420792
13421493
13421699
13423084
13424906
13429317
13429629
13430147
13430412
13430741
13430979
13432377
13434287
13435229
13435349
13435551
13436265
13438638
13438724
13440021
13441530
13444735
13445083
13448232
13448345
13452716
13452833
13453855
13454208
13455583
13456105
13456260
13460269
13462816
13463151
13465354
13466016
13467635
13468874
13469100
13470969
13471505
13473339
13475010
13476163
13478292
13479205
13484263
13485470
13487860
13490951
13491535
13493283
13495700
13496930
13497441
13498103
13500084
13500708
13502634
13504893
13506570
13508357
13509195
13511996
13512423
13514556
13515225
13518947
13519361
13522897
13523153
13524016
13525149
13529096
13530281
13530373
13530414
13531656
13531814
13531844
13534881
13534935
13535131
13535806
13537734
13538170
13540596
13541316
13543168
13543181
13544033
13547813
13549003
13552334
13553781
13555635
13557734
13557802
13559565
13563977
13564146
13566166
13566589
13567653
13568539
13568622
13569914
13570817
13571219
13571864
13573382
13574197
13577490
13580858
13584741
13590398
13591866
13592929
13595490
13597361
13598943
13599978
13604970
13606221
13607395
13607628
13609340
13610142
13610476
13613628
13613989
13614064
13614325
13614677
13615380
13615497
13620152
13622057
13622712
13624946
13625223
13625311
13634490
13635249
13636336
13639359
13640447
13642548
13643297
13644651
13645577
13646006
13646699
13647183
13647224
13648964
13651653
13653015
13653596
13654795
13658676
13661547
13662585
13662857
13663807
13666961
13668104
13668442
13668585
13670943
13671017
13674764
13675152
13675523
13675727
13677710
13679638
13679648
13680142
13681284
13682111
13682652
13683579
13683628
13687865
13691168
13694414
13694470
13695661
13696326
13696597
13696830
13698395
13698402
13698954
13700761
13704206
13707681
13708267
13710820
13712440
13717956
13719715
13722559
13723156
13723922
13727455
13732369
13733591
13736195
13736209
13736264
13744273
13744780
13747166
13748406
13749229
13752503
13756452
13756601
13757469
13758478
13758637
13760110
13762385
13763182
13763788
13764368
13766292
13767593
13767685
13767997
13768101
13770992
13771133
13771741
13772628
13773868
13774020
13779685
13780237
13782269
13782947
13783690
13784709
13786058
13786568
13790148
13793324
13794899
13796745
13800964
13801079
13802209
13803231
13803552
13806232
13806813
13807683
13809904
13810284
13814862
13815186
13816002
13817779
13818128
13818997
13823915
13825686
13825865
13826773
13827724
13830547
13832283
13832612
13833199
13834509
13836052
13836245
13837534
13838300
13838879
13839417
13839644
13843281
13843891
13846872
13847637
13847712
13849136
13850291
13854747
13855575
13863341
13871969
13872631
13873001
13877601
13880760
13885048
13887751
13888324
13888952
13891566
13891704
13892202
13895313
13895487
13897627
13900225
13903971
13905136
13908416
13909414
13911915
13913692
13914124
13915444
13917362
13918827
13919519
13920073
13921911
13922929
13923458
13924131
13925855
13926055
13930315
13931163
13932775
13935649
13942096
13943485
13944030
13946925
13947120
13951319
13954167
13955715
13955768
13956064
13956496
13960124
13963594
13965401
13967549
13970200
13970209
13970273
13970506
13977038
13977387
13982765
13983223
13983943
13984913
13985967
13986577
13987524
13988587
13995705
13996312
13996388
13997328
14000898
14004038
14004314
14004579
14005129
14007016
14010626
14011299
14011413
14011419
14013842
14017170
14018290
14021523
14023176
14024294
14029311
14030581
14032352
14034963
14036867
14038033
14039727
14041616
14042605
14045782
14046945
14049140
14049552
14051216
14052742
14053369
14055846
14056761
14058958
14059822
14061872
14063938
14064456
14064971
14067723
14069485
14070538
14071664
14072662
14077506
14078418
14079334
14087772
14089594
14101100
14101583
14102640
14103885
14108856
14111105
14113885
14116080
14117312
14118186
14119609
14120966
14121551
14122484
14124132
14126772
14127074
14128025
14130014
14136607
14140141
14141083
14141232
14141966
14142450
14144779
14146140
14146877
14149702
14151118
14152654
14153268
14154737
14155149
14155309
14161777
14162245
14163052
14163395
14171159
14174291
14174801
14177522
14180540
14180925
14189859
14189954
14193651
14193870
14193990
14194981
14196014
14200078
14201787
14202893
14203073
14211681
14212710
14213944
14214260
14217602
14218016
14218085
14218597
14225893
14228448
14230027
14232547
14234369
14234962
14237456
14239761
14240489
14240925
14241048
14243723
14245055
14246274
14248547
14250150
14250410
14254094
14254621
14254978
14255775
14256618
14257479
14258143
14259665
14259943
14268456
14270309
14272696
14279821
14280382
14281239
14282330
14284193
14284428
14284995
14286095
14287869
14290297
14291211
14291595
14292775
14293131
14293959
14294997
14295159
14295642
14299448
14299779
14302191
14303474
14304108
14304214
14306852
14306915
14307817
14308963
14310510
14310671
14312664
14315079
14316534
14316764
14318681
14319511
14326535
14326873
14327699
14328083
14329538
14330382
14331208
14333185
14333383
14334175
14335113
14336869
14337496
14338649
14340076
14343526
14344940
14346690
14348033
14348990
14349667
14351468
14352851
14357160
14357427
14362491
14363305
14364631
14364770
14364788
14365724
14366051
14366236
14366665
14368627
14369564
14378411
14383303
14383538
14388169
14390372
14391082
14391971
14396615
14397524
14397716
14397778
14398965
14401472
14402351
14402451
14404965
14406611
14407019
14414370
14415750
14416477
14417801
14421256
14421379
14423958
14427375
14427903
14429763
14431025
14431705
14434541
14436376
14437991
14438342
14438622
14439491
14440146
14441543
14441649
14442492
14442493
14443069
14443075
14447980
14450723
14455058
14455833
14456005
14457677
14459097
14460187
14463874
14466386
14466986
14468364
14470138
14471744
14475949
14478511
14486796
14486985
14487695
14488987
14491286
14491800
14492836
14496249
14496882
14502112
14503759
14504363
14504823
14506911
14510905
14511888
14517723
14517817
14519587
14521158
14521868
14522384
14523727
14523777
14528286
14532009
14533181
14534208
14534949
14538489
14538958
14539309
14539566
14541057
14541845
14543879
14544400
14545458
14545490
14547447
14547451
14547956
14548618
14555668
14558347
14559287
14560550
14560819
14562065
14564103
14568220
14571377
14574300
14574492
14574514
14576197
14578884
14578900
14579738
14580928
14582046
14582819
14585851
14587295
14589284
14589651
14590108
14591852
14592791
14594455
14595639
14599755
14603230
14604852
14608120
14608750
14611249
14612851
14616066
14623281
14623685
14626034
14628943
14629020
14629785
14633649
14639375
14640237
14640281
14640777
14644568
14645200
14649770
14652208
14653909
14654756
14655155
14655343
14656277
14657442
14660046
14660095
14661604
14662485
14664660
14665596
14667659
14668705
14671421
14672635
14675366
14677679
14677985
14678330
14679895
14682598
14683166
14686172
14688861
14689835
14695085
14697121
14697287
14699208
14706687
14707342
14708295
14708566
14709211
14709876
14712348
14714923
14716211
14718208
14719172
14719931
14721182
14721233
14722324
14722740
14724932
14725937
14727173
14727357
14728200
14735717
14736999
14739661
14743062
14744814
14745673
14747441
14749551
14751053
14751840
14755157
14759620
14761863
14761883
14762344
14764092
14767987
14772051
14773434
14776418
14776606
14777396
14781388
14784420
14784520
14784805
14786339
14786902
14787451
14787657
14788816
14789659
14790929
14796452
14802642
14803198
14804221
14804812
14807693
14809200
14809664
14810555
14815266
14816989
14824666
14826859
14827281
14827394
14827936
14828430
14831671
14834620
14836741
14839154
14842225
14844799
14844810
14847612
14849400
14849495
14850566
14853108
14853851
14854218
14854630
14854839
14856085
14860065
14860534
14860795
14862390
14864888
14867941
14868966
14869641
14869906
14870689
14871628
14871665
14871940
14872146
14874496
14878293
14880674
14880827
14881786
14886008
14886725
14887124
14887652
14889199
14891974
14892186
14892910
14895009
14898018
14899836
14901439
14903638
14904779
14905832
14908192
14909259
14916411
14918582
14919900
14921846
14922713
14923882
14925916
14927297
14929410
14929564
14933069
14933581
14935727
14937110
14938516
14942794
14943669
14943916
14944860
14945072
14946135
14948516
14950509
14952062
14952269
14952820
14954705
14956519
14959546
14959895
14961003
14961172
14961696
14961850
14965544
14967013
14967705
14969070
14972827
14974512
14974617
14974879
14982927
14983087
14984809
14985533
14987746
14989551
14993495
14993615
14996884
14998110
14998387
14999766
15000284
15001317
15003591
15003969
15005484
15007796
15008455
15022256
15022392
15024218
15025569
15027813
15029318
15031003
15032221
15034580
15035839
15036159
15039514
15039729
15040064
15040253
15043691
15044438
15044529
15050088
15051011
15055040
15056513
15057369
15059279
15061725
15061770
15062729
15064291
15064795
15067721
15069339
15072109
15072290
15074079
15074253
15081209
15081409
15081724
15083209
15083612
15084011
15085114
15087360
15088757
15091673
15093195
15094474
15095355
15096389
15097448
15098426
15098664
15102145
15103291
15107071
15107214
15107585
15108275
15111052
15113828
15114213
15116988
15117479
15122658
15124318
15124730
15127135
15128320
15129900
15131399
15133704
15139306
15147874
15150973
15151848
15156074
15157514
15157956
15158674
15159695
15161500
15167885
15172035
15173273
15176631
15177492
15177729
15183729
15184650
15185140
15185156
15186016
15186782
15187015
15187142
15187404
15188562
15191781
15192186
15193321
15198894
15199639
15199855
15200751
15201259
15202067
15203537
15205806
15205979
15206106
15207487
15208415
15208493
15209447
15209780
15211432
15212681
15212699
15214046
15214252
15214887
15216661
15217010
15217614
15217796
15217871
15219107
15220346
15221082
15223697
15226363
15226674
15229301
15230701
15231868
15232592
15234105
15234489
15239287
15241648
15242664
15244059
15244659
15244863
15245249
15245318
15246203
15247001
15249184
15250306
15250920
15252378
15252923
15254924
15255136
15255437
15257109
15257648
15257823
15259294
15260375
15261375
15261650
15263507
15267498
15269705
15270549
15271781
15274181
15276316
15277224
15279626
15279985
15284822
15288327
15293418
15295199
15295291
15295785
15296379
15296454
15298153
15300328
15300475
15300563
15300755
15302941
15303164
15308386
15311106
15311497
15312577
15316041
15316859
15316994
15317214
15321338
15321718
15322247
15323838
15324721
15326018
15328055
15329101
15329711
15330402
15330439
15332082
15332137
15333018
15334511
15335656
15340346
15343036
15344706
15345252
15348096
15348184
15348798
15352078
15352339
15352343
15354543
15355134
15359677
15360591
15362581
15363353
15364543
15365363
15368815
15370002
15370616
15371400
15378399
15378650
15380392
15381424
15381985
15382196
15384313
15385696
15389197
15389988
15391367
15394981
15396497
15396758
15396998
15397543
15397843
15397887
15398106
15399224
15400940
15401640
15402896
15405732
15408161
15411682
15413780
15413841
15415228
15415842
15416063
15417591
15419488
15420987
15421192
15430359
15432259
15432897
15435035
15435776
15439215
15439758
15439850
15440300
15440331
15442828
15443058
15443243
15443753
15449369
15449383
15449844
15450225
15451078
15452535
15453881
15455723
15456490
15457264
15459342
15459499
15460707
15460813
15461348
15463716
15463726
15465891
15466932
15475993
15481252
15482057
15483128
15483652
15483881
15484123
15484239
15485062
15485710
15486267
15487079
15487783
15490971
15493497
15496657
15497683
15498681
15499734
15501099
15501374
15501625
15502159
15502718
15502987
15504071
15508265
15509795
15510736
15512770
15513853
15518927
15519504
15520358
15520861
15521840
15522021
15527562
15531130
15531787
15532061
15532216
15533651
15534182
15534255
15535831
15539015
15540563
15541918
15542675
15542918
15545498
15545972
15549307
15549880
15550637
15554264
15554580
15556627
15558720
15561460
15561792
15563072
15563142
15564314
15566217
15568432
15569495
15571336
15573869
15576160
15577442
15578523
15580489
15582925
15582962
15584479
15585959
15587397
15588372
15589445
15589686
15589761
15592014
15592210
15593617
15594190
15597562
15601990
15603053
15604134
15604213
15604456
15606237
15606457
15607603
15609023
15609650
15610964
15612586
15613889
15614709
15616429
15621097
15622349
15622865
15624762
15625073
15626476
15627759
15633696
15640143
15643402
15643882
15646273
15648138
15653273
15653790
15655962
15659291
15659607
15662080
15664727
15668714
15669461
15673900
15676652
15676708
15680021
15681898
15685667
15686552
15687482
15690147
15690281
15691769
15694912
15695214
15699559
15700391
15700435
15701306
15703511
15704253
15705227
15705906
15708499
15709415
15710372
15710674
15714458
15717638
15721861
15723202
15726543
15728624
15731672
15732118
15732480
15735091
15736547
15741228
15741986
15743013
15743014
15744216
15749043
15751164
15752874
15753501
15753945
15757883
15758984
15759482
15762153
15762313
15766016
15766326
15767704
15768164
15770348
15774393
15774603
15774860
15777234
15777463
15778498
15786194
15786776
15787649
15787764
15787843
15789822
15790211
15791411
15791796
15792909
15792965
15794124
15801983
15803174
15806532
15806807
15808759
15808974
15810746
15811195
15811452
15811728
15813294
15813376
15814398
15817673
15819290
15823527
15826082
15826782
15829625
15830539
15832997
15835158
15839817
15840717
15844695
15850603
15851356
15853051
15855816
15856083
15860099
15864207
15864859
15868552
15868701
15871983
15876385
15879695
15881963
15882701
15883356
15883572
15884093
15890451
15891564
15891918
15892861
15895225
15898555
15900017
15900723
15901541
15902202
15903374
15903426
15903896
15904798
15905038
15905597
15909665
15912276
15912439
15912752
15920135
15921357
15924197
15926255
15929654
15929680
15932165
15933154
15933940
15936035
15937332
15938354
15938972
15946515
15947015
15947788
15948824
15949130
15949260
15951225
15951345
15954710
15955507
15958848
15959008
15959887
15961434
15964082
15966460
15967087
15968037
15968907
15968967
15970642
15972950
15973474
15974322
15975622
15976051
15979107
15983886
15984809
15987152
15987554
15989607
15989923
15990904
15992250
15997171
15999109
16001339
16002800
16003037
16008653
16009110
16009305
16011076
16013294
16014035
16014348
16015487
16018506
16019081
16020028
16020420
16022007
16025040
16027458
16033503
16035918
16041838
16041948
16045790
16046829
16046863
16048926
16049635
16052257
16055670
16055827
16058397
16061223
16061490
16061492
16061707
16063592
16064736
16067507
16069730
16071984
16073508
16074790
16077205
16078810
16084345
16086398
16087956
16089164
16092042
16093898
16094814
16095990
16096714
16096812
16096893
16097379
16099329
16099536
16100146
16100796
16101704
16102496
16102904
16103464
16106600
16111166
16112061
16116009
16116401
16120150
16120933
16121409
16123759
16123975
16127337
16128270
16129656
16130328
16130801
16132760
16135065
16138863
16139223
16140485
16140873
16144767
16144855
16145394
16146324
16149003
16149145
16152434
16154131
16154439
16157236
16158062
16160796
16161153
16162329
16163671
16164166
16165476
16168418
16168512
16168546
16168902
16169640
16178765
16178987
16182246
16183978
16184284
16184747
16187429
16187962
16189149
16190153
16193223
16194404
16195471
16195773
16196287
16197954
16198829
16199563
16200475
16203107
16205535
16206053
16207110
16207915
16212609
16213978
16215250
16221463
16222149
16224926
16227829
16227836
16228416
16229036
16233130
16234450
16235966
16237005
16237256
16239763
16241821
16242586
16244778
16247729
16249135
16250345
16255529
16256154
16256243
16256803
16257042
16257320
16257673
16257811
16260835
16263827
16266322
16266410
16267275
16267810
16272900
16274119
16274911
16278307
16278675
16282914
16283889
16284732
16286094
16286382
16286890
16290042
16291054
16298535
16298868
16298988
16300738
16301067
16304155
16306106
16306964
16308557
16309835
16310661
16310884
16313290
16315584
16316232
16316436
16317187
16318711
16319172
16319460
16319959
16320417
16322964
16324425
16328803
16332281
16333806
16334064
16334612
16341233
16342643
16342949
16344681
16346996
16348821
16350962
16352715
16354043
16355685
16359119
16365932
16366828
16368515
16369682
16370779
16372102
16372199
16372593
16375076
16376288
16378697
16379768
16380431
16382638
16382953
16383218
16384030
16390943
16391862
16395505
16397673
16400946
16404757
16405621
16407217
16408931
16409192
16411974
16412276
16415298
16416685
16417785
16418729
16420465
16421171
16423380
16424780
16424839
16427981
16429857
16430011
16432426
16435119
16436834
16437090
16437487
16440539
16442083
16442361
16442875
16443753
16444065
16444460
16444658
16444720
16446076
16446919
16449156
16449387
16452421
16452714
16453012
16453314
16453700
16453777
16454153
16454179
16456268
16458659
16460781
16462659
16465097
16465481
16465597
16465728
16469906
16476095
16476932
16479508
16482054
16485018
16487147
16489025
16489292
16489566
16490080
16494807
16498738
16501975
16505215
16510272
16515681
16516693
16517742
16518590
16519544
16519593
16522590
16522664
16525577
16526216
16526272
16528596
16537060
16538842
16541557
16542681
16543907
16544056
16544064
16544492
16545202
16545855
16548921
16551457
16555133
16561074
16561209
16562145
16563610
16566444
16568828
16570110
16570926
16572309
16573435
16574080
16575393
16577684
16577801
16577901
16579063
16579071
16581428
16584782
16585739
16589739
16589770
16589811
16592203
16595396
16596573
16598472
16599009
16601076
16601131
16601906
16602004
16606775
16607337
16607892
16611831
16612708
16613948
16614022
16614132
16615378
16616894
16620269
16622551
16625573
16626258
16626513
16628725
16628961
16629532
16630207
16632904
16638662
16639473
16641277
16643659
16644529
16647461
16648419
16648679
16650415
16650869
16653452
16654844
16655917
16657704
16657932
16660162
16660484
16662724
16664017
16666165
16666668
16667308
16667653
16671858
16673952
16676376
16678771
16683017
16684194
16689632
16692395
16692480
16693435
16698793
16702670
16702917
16703236
16703476
16709238
16710033
16711476
16712834
16712948
16715994
16716374
16720827
16722422
16723585
16724062
16730024
16732365
16736191
16738055
16738600
16739639
16742093
16745897
16747138
16748812
16750420
16750795
16751632
16752040
16753523
16753533
16755234
16755539
16756267
16757642
16760831
16760955
16763103
16763183
16763693
16766071
16767518
16774297
16775457
16776016
